#Time(s) qlen(pkts) qlen(us)
4.00 187 224 0.15, 0.16, 0.15, 0.15, 0.13, 0.13, 0.17, 0.10, 0.17, 0.12, 0.11, 0.13, 0.11, 0.13, 0.19, 0.15, 0.10, 0.13, 0.12, 0.13, 0.15, 0.19, 0.18, 0.13, 0.13, 0.15, 0.13, 0.16, 0.12, 0.16, 0.18, 0.13, 0.17, 0.15, 0.17, 0.17, 0.13, 0.13, 0.16, 0.14, 
4.01 198 237 0.12, 0.13, 0.25, 0.15, 0.11, 0.11, 0.14, 0.12, 0.13, 0.19, 0.17, 0.15, 0.16, 0.15, 0.16, 0.17, 0.14, 0.13, 0.13, 0.15, 0.13, 0.11, 0.14, 0.12, 0.10, 0.14, 0.16, 0.12, 0.15, 0.18, 0.21, 0.15, 0.16, 0.12, 0.12, 0.20, 0.14, 0.16, 0.13, 0.10, 
4.02 193 231 0.13, 0.16, 0.17, 0.13, 0.18, 0.15, 0.13, 0.15, 0.13, 0.11, 0.09, 0.11, 0.15, 0.14, 0.11, 0.14, 0.14, 0.12, 0.13, 0.15, 0.15, 0.13, 0.15, 0.13, 0.20, 0.13, 0.16, 0.16, 0.17, 0.15, 0.15, 0.19, 0.15, 0.10, 0.18, 0.15, 0.20, 0.17, 0.15, 0.14, 
4.03 184 220 0.14, 0.15, 0.19, 0.16, 0.12, 0.13, 0.12, 0.11, 0.16, 0.16, 0.15, 0.11, 0.13, 0.12, 0.13, 0.10, 0.11, 0.13, 0.14, 0.11, 0.18, 0.17, 0.11, 0.19, 0.14, 0.16, 0.16, 0.14, 0.15, 0.13, 0.10, 0.15, 0.16, 0.17, 0.11, 0.14, 0.19, 0.17, 0.12, 0.15, 
4.04 193 231 0.16, 0.16, 0.13, 0.14, 0.16, 0.15, 0.15, 0.11, 0.18, 0.17, 0.12, 0.15, 0.12, 0.12, 0.14, 0.09, 0.15, 0.13, 0.17, 0.12, 0.11, 0.17, 0.11, 0.17, 0.14, 0.13, 0.14, 0.18, 0.13, 0.21, 0.11, 0.12, 0.11, 0.21, 0.13, 0.12, 0.16, 0.12, 0.19, 0.15, 
4.05 193 231 0.15, 0.11, 0.14, 0.18, 0.09, 0.16, 0.15, 0.18, 0.16, 0.11, 0.10, 0.19, 0.12, 0.14, 0.10, 0.13, 0.10, 0.10, 0.16, 0.15, 0.11, 0.11, 0.13, 0.10, 0.20, 0.14, 0.16, 0.14, 0.16, 0.14, 0.12, 0.11, 0.13, 0.22, 0.13, 0.18, 0.19, 0.14, 0.19, 0.19, 
4.06 184 220 0.09, 0.12, 0.16, 0.13, 0.14, 0.13, 0.12, 0.15, 0.17, 0.12, 0.10, 0.15, 0.19, 0.15, 0.16, 0.16, 0.14, 0.13, 0.14, 0.15, 0.14, 0.13, 0.15, 0.21, 0.13, 0.14, 0.12, 0.19, 0.14, 0.14, 0.12, 0.20, 0.12, 0.17, 0.09, 0.17, 0.12, 0.13, 0.15, 0.16, 
4.07 191 229 0.19, 0.11, 0.14, 0.14, 0.20, 0.12, 0.14, 0.16, 0.11, 0.16, 0.13, 0.16, 0.20, 0.16, 0.18, 0.13, 0.12, 0.13, 0.09, 0.15, 0.12, 0.18, 0.15, 0.17, 0.17, 0.11, 0.15, 0.13, 0.16, 0.16, 0.16, 0.16, 0.18, 0.14, 0.14, 0.22, 0.15, 0.16, 0.17, 0.14, 
4.08 196 235 0.14, 0.15, 0.17, 0.18, 0.19, 0.17, 0.15, 0.14, 0.14, 0.20, 0.18, 0.16, 0.14, 0.13, 0.10, 0.14, 0.11, 0.12, 0.13, 0.15, 0.13, 0.18, 0.15, 0.13, 0.14, 0.15, 0.19, 0.15, 0.13, 0.11, 0.10, 0.19, 0.18, 0.15, 0.14, 0.12, 0.19, 0.11, 0.17, 0.15, 
4.09 193 231 0.15, 0.17, 0.16, 0.13, 0.15, 0.12, 0.14, 0.12, 0.12, 0.19, 0.22, 0.14, 0.17, 0.15, 0.14, 0.19, 0.15, 0.12, 0.12, 0.19, 0.12, 0.13, 0.14, 0.12, 0.11, 0.19, 0.14, 0.19, 0.13, 0.11, 0.10, 0.11, 0.13, 0.18, 0.15, 0.10, 0.20, 0.18, 0.13, 0.13, 
4.10 189 226 0.11, 0.15, 0.16, 0.20, 0.14, 0.14, 0.14, 0.12, 0.20, 0.15, 0.15, 0.20, 0.17, 0.14, 0.20, 0.13, 0.14, 0.23, 0.16, 0.11, 0.18, 0.10, 0.14, 0.10, 0.13, 0.13, 0.18, 0.13, 0.12, 0.14, 0.10, 0.18, 0.13, 0.16, 0.14, 0.13, 0.14, 0.14, 0.15, 0.11, 
4.11 193 231 0.14, 0.09, 0.13, 0.16, 0.13, 0.15, 0.17, 0.11, 0.20, 0.11, 0.25, 0.19, 0.13, 0.16, 0.16, 0.14, 0.17, 0.16, 0.13, 0.17, 0.15, 0.13, 0.15, 0.11, 0.10, 0.15, 0.13, 0.14, 0.17, 0.12, 0.16, 0.19, 0.21, 0.13, 0.16, 0.12, 0.14, 0.13, 0.13, 0.14, 
4.12 201 241 0.10, 0.12, 0.13, 0.13, 0.17, 0.16, 0.13, 0.14, 0.17, 0.17, 0.15, 0.12, 0.18, 0.15, 0.12, 0.14, 0.16, 0.16, 0.14, 0.16, 0.15, 0.12, 0.15, 0.16, 0.13, 0.18, 0.15, 0.18, 0.14, 0.12, 0.13, 0.13, 0.16, 0.18, 0.13, 0.11, 0.15, 0.15, 0.17, 0.15, 
4.13 200 240 0.15, 0.13, 0.15, 0.12, 0.11, 0.19, 0.13, 0.18, 0.15, 0.12, 0.13, 0.16, 0.11, 0.18, 0.17, 0.12, 0.13, 0.10, 0.19, 0.16, 0.11, 0.13, 0.12, 0.17, 0.15, 0.09, 0.19, 0.10, 0.20, 0.13, 0.16, 0.16, 0.12, 0.17, 0.16, 0.14, 0.12, 0.12, 0.12, 0.13, 
4.14 191 229 0.12, 0.14, 0.12, 0.14, 0.11, 0.12, 0.17, 0.17, 0.17, 0.12, 0.13, 0.14, 0.13, 0.13, 0.16, 0.15, 0.16, 0.16, 0.16, 0.17, 0.17, 0.12, 0.18, 0.14, 0.13, 0.12, 0.12, 0.13, 0.15, 0.17, 0.16, 0.12, 0.14, 0.17, 0.16, 0.16, 0.17, 0.09, 0.12, 0.12, 
4.15 206 247 0.18, 0.13, 0.09, 0.11, 0.09, 0.12, 0.16, 0.16, 0.13, 0.17, 0.13, 0.10, 0.15, 0.17, 0.21, 0.17, 0.15, 0.14, 0.13, 0.17, 0.09, 0.15, 0.17, 0.21, 0.19, 0.15, 0.11, 0.16, 0.15, 0.14, 0.19, 0.11, 0.17, 0.15, 0.14, 0.13, 0.14, 0.12, 0.13, 0.14, 
4.16 187 224 0.13, 0.13, 0.11, 0.14, 0.14, 0.19, 0.19, 0.13, 0.11, 0.12, 0.12, 0.16, 0.13, 0.15, 0.14, 0.15, 0.14, 0.16, 0.14, 0.17, 0.14, 0.15, 0.15, 0.11, 0.16, 0.13, 0.15, 0.23, 0.13, 0.14, 0.12, 0.14, 0.14, 0.14, 0.15, 0.14, 0.13, 0.15, 0.09, 0.16, 
4.17 197 236 0.13, 0.15, 0.21, 0.12, 0.15, 0.19, 0.09, 0.15, 0.15, 0.16, 0.12, 0.15, 0.13, 0.12, 0.16, 0.13, 0.14, 0.11, 0.15, 0.14, 0.14, 0.12, 0.16, 0.14, 0.16, 0.15, 0.15, 0.12, 0.12, 0.14, 0.17, 0.12, 0.10, 0.13, 0.14, 0.12, 0.15, 0.12, 0.13, 0.10, 
4.18 189 226 0.14, 0.16, 0.13, 0.17, 0.17, 0.17, 0.17, 0.15, 0.15, 0.16, 0.20, 0.14, 0.17, 0.14, 0.12, 0.12, 0.12, 0.12, 0.16, 0.15, 0.17, 0.18, 0.17, 0.14, 0.11, 0.17, 0.18, 0.11, 0.14, 0.14, 0.18, 0.16, 0.17, 0.13, 0.16, 0.14, 0.13, 0.12, 0.12, 0.13, 
4.19 195 234 0.19, 0.15, 0.18, 0.10, 0.17, 0.16, 0.14, 0.16, 0.15, 0.13, 0.13, 0.15, 0.12, 0.16, 0.16, 0.19, 0.14, 0.14, 0.14, 0.11, 0.14, 0.12, 0.16, 0.14, 0.14, 0.13, 0.11, 0.18, 0.16, 0.15, 0.18, 0.07, 0.14, 0.13, 0.12, 0.16, 0.12, 0.16, 0.16, 0.13, 
4.20 199 238 0.11, 0.21, 0.13, 0.14, 0.16, 0.15, 0.09, 0.17, 0.11, 0.11, 0.13, 0.16, 0.10, 0.15, 0.20, 0.17, 0.14, 0.18, 0.15, 0.16, 0.19, 0.15, 0.17, 0.10, 0.18, 0.14, 0.14, 0.13, 0.16, 0.15, 0.15, 0.11, 0.12, 0.11, 0.16, 0.12, 0.17, 0.15, 0.15, 0.15, 
4.21 204 244 0.13, 0.11, 0.12, 0.09, 0.16, 0.18, 0.11, 0.12, 0.15, 0.12, 0.11, 0.14, 0.16, 0.14, 0.18, 0.20, 0.14, 0.14, 0.15, 0.12, 0.09, 0.16, 0.15, 0.13, 0.15, 0.16, 0.11, 0.11, 0.15, 0.16, 0.17, 0.11, 0.18, 0.11, 0.13, 0.10, 0.17, 0.14, 0.25, 0.16, 
4.22 196 235 0.13, 0.18, 0.11, 0.15, 0.08, 0.16, 0.15, 0.16, 0.13, 0.11, 0.14, 0.15, 0.21, 0.14, 0.14, 0.21, 0.15, 0.14, 0.13, 0.11, 0.08, 0.17, 0.15, 0.15, 0.15, 0.19, 0.12, 0.12, 0.15, 0.11, 0.17, 0.19, 0.17, 0.13, 0.20, 0.13, 0.14, 0.12, 0.14, 0.17, 
4.23 198 237 0.15, 0.14, 0.14, 0.09, 0.10, 0.16, 0.16, 0.16, 0.13, 0.15, 0.17, 0.14, 0.20, 0.11, 0.20, 0.11, 0.15, 0.17, 0.17, 0.14, 0.15, 0.15, 0.18, 0.17, 0.16, 0.10, 0.12, 0.13, 0.20, 0.16, 0.15, 0.15, 0.17, 0.16, 0.19, 0.13, 0.11, 0.18, 0.17, 0.15, 
4.24 200 240 0.17, 0.16, 0.13, 0.13, 0.12, 0.13, 0.11, 0.18, 0.14, 0.14, 0.10, 0.13, 0.14, 0.11, 0.13, 0.15, 0.12, 0.08, 0.17, 0.16, 0.18, 0.13, 0.12, 0.13, 0.16, 0.18, 0.14, 0.14, 0.20, 0.16, 0.12, 0.12, 0.15, 0.16, 0.15, 0.14, 0.11, 0.16, 0.14, 0.13, 
4.25 186 223 0.14, 0.12, 0.11, 0.13, 0.14, 0.15, 0.12, 0.17, 0.15, 0.14, 0.15, 0.12, 0.13, 0.13, 0.13, 0.13, 0.11, 0.11, 0.18, 0.13, 0.15, 0.13, 0.13, 0.14, 0.16, 0.16, 0.17, 0.11, 0.16, 0.15, 0.15, 0.19, 0.14, 0.15, 0.17, 0.10, 0.12, 0.19, 0.14, 0.11, 
4.26 193 231 0.20, 0.12, 0.14, 0.17, 0.15, 0.12, 0.18, 0.14, 0.13, 0.21, 0.16, 0.13, 0.13, 0.17, 0.17, 0.11, 0.12, 0.15, 0.15, 0.13, 0.13, 0.15, 0.18, 0.18, 0.14, 0.15, 0.11, 0.11, 0.17, 0.13, 0.15, 0.16, 0.14, 0.17, 0.16, 0.13, 0.13, 0.22, 0.13, 0.14, 
4.27 197 236 0.13, 0.20, 0.13, 0.14, 0.11, 0.14, 0.14, 0.14, 0.16, 0.13, 0.15, 0.13, 0.15, 0.20, 0.17, 0.17, 0.18, 0.19, 0.13, 0.15, 0.13, 0.13, 0.13, 0.14, 0.10, 0.15, 0.11, 0.13, 0.11, 0.16, 0.15, 0.13, 0.11, 0.15, 0.12, 0.14, 0.10, 0.21, 0.15, 0.13, 
4.28 198 237 0.14, 0.17, 0.12, 0.11, 0.14, 0.16, 0.15, 0.14, 0.15, 0.11, 0.14, 0.14, 0.13, 0.22, 0.11, 0.16, 0.18, 0.12, 0.13, 0.12, 0.13, 0.12, 0.15, 0.14, 0.16, 0.15, 0.13, 0.13, 0.08, 0.14, 0.11, 0.14, 0.12, 0.14, 0.11, 0.15, 0.15, 0.16, 0.14, 0.21, 
4.29 189 226 0.12, 0.17, 0.14, 0.15, 0.16, 0.12, 0.12, 0.13, 0.26, 0.12, 0.13, 0.16, 0.15, 0.16, 0.13, 0.15, 0.09, 0.11, 0.14, 0.17, 0.13, 0.10, 0.14, 0.15, 0.11, 0.17, 0.15, 0.14, 0.09, 0.12, 0.17, 0.16, 0.15, 0.11, 0.14, 0.13, 0.13, 0.14, 0.13, 0.14, 
4.30 195 234 0.13, 0.12, 0.17, 0.15, 0.24, 0.15, 0.13, 0.16, 0.20, 0.17, 0.14, 0.12, 0.17, 0.10, 0.15, 0.15, 0.11, 0.10, 0.13, 0.13, 0.12, 0.19, 0.14, 0.13, 0.13, 0.15, 0.12, 0.14, 0.13, 0.12, 0.14, 0.13, 0.20, 0.11, 0.16, 0.11, 0.13, 0.11, 0.15, 0.13, 
4.31 181 217 0.10, 0.15, 0.14, 0.13, 0.14, 0.18, 0.17, 0.13, 0.15, 0.13, 0.17, 0.18, 0.15, 0.17, 0.22, 0.12, 0.25, 0.13, 0.15, 0.15, 0.15, 0.16, 0.15, 0.09, 0.17, 0.15, 0.13, 0.16, 0.11, 0.13, 0.14, 0.14, 0.18, 0.12, 0.14, 0.13, 0.19, 0.20, 0.11, 0.24, 
4.32 184 220 0.13, 0.14, 0.16, 0.17, 0.13, 0.13, 0.19, 0.12, 0.17, 0.20, 0.13, 0.12, 0.18, 0.14, 0.16, 0.15, 0.18, 0.14, 0.15, 0.16, 0.18, 0.15, 0.11, 0.10, 0.14, 0.12, 0.12, 0.22, 0.13, 0.13, 0.12, 0.15, 0.13, 0.17, 0.19, 0.13, 0.11, 0.22, 0.20, 0.14, 
4.33 180 216 0.16, 0.14, 0.17, 0.12, 0.15, 0.15, 0.26, 0.14, 0.13, 0.16, 0.15, 0.13, 0.16, 0.20, 0.11, 0.13, 0.16, 0.11, 0.14, 0.15, 0.15, 0.14, 0.14, 0.12, 0.17, 0.14, 0.15, 0.14, 0.10, 0.13, 0.13, 0.11, 0.13, 0.19, 0.20, 0.15, 0.13, 0.16, 0.12, 0.15, 
4.34 197 236 0.15, 0.19, 0.19, 0.12, 0.17, 0.10, 0.11, 0.11, 0.17, 0.13, 0.23, 0.16, 0.13, 0.12, 0.13, 0.10, 0.15, 0.12, 0.13, 0.14, 0.12, 0.18, 0.17, 0.18, 0.16, 0.18, 0.16, 0.16, 0.14, 0.16, 0.13, 0.13, 0.13, 0.14, 0.11, 0.14, 0.14, 0.14, 0.10, 0.15, 
4.35 196 235 0.13, 0.17, 0.20, 0.12, 0.16, 0.12, 0.20, 0.14, 0.20, 0.15, 0.12, 0.16, 0.20, 0.14, 0.09, 0.13, 0.15, 0.10, 0.12, 0.13, 0.11, 0.15, 0.16, 0.17, 0.19, 0.14, 0.15, 0.12, 0.11, 0.12, 0.25, 0.17, 0.11, 0.15, 0.17, 0.19, 0.18, 0.19, 0.15, 0.09, 
4.36 200 240 0.15, 0.14, 0.13, 0.16, 0.17, 0.15, 0.15, 0.15, 0.16, 0.16, 0.16, 0.17, 0.13, 0.10, 0.15, 0.11, 0.17, 0.11, 0.15, 0.17, 0.12, 0.12, 0.16, 0.12, 0.13, 0.14, 0.11, 0.15, 0.13, 0.15, 0.13, 0.15, 0.13, 0.16, 0.15, 0.15, 0.12, 0.18, 0.15, 0.12, 
4.37 180 216 0.13, 0.15, 0.17, 0.14, 0.10, 0.12, 0.13, 0.11, 0.15, 0.12, 0.15, 0.15, 0.11, 0.15, 0.13, 0.11, 0.12, 0.16, 0.17, 0.13, 0.16, 0.17, 0.20, 0.15, 0.13, 0.16, 0.13, 0.21, 0.13, 0.17, 0.14, 0.15, 0.16, 0.19, 0.15, 0.13, 0.12, 0.15, 0.14, 0.14, 
4.38 197 236 0.19, 0.12, 0.12, 0.15, 0.15, 0.13, 0.12, 0.14, 0.15, 0.13, 0.12, 0.16, 0.13, 0.11, 0.16, 0.16, 0.12, 0.14, 0.13, 0.17, 0.15, 0.10, 0.14, 0.17, 0.12, 0.19, 0.12, 0.13, 0.15, 0.14, 0.16, 0.14, 0.16, 0.20, 0.15, 0.21, 0.16, 0.20, 0.16, 0.10, 
4.39 200 240 0.13, 0.12, 0.12, 0.14, 0.12, 0.10, 0.14, 0.10, 0.11, 0.12, 0.18, 0.22, 0.13, 0.12, 0.11, 0.18, 0.14, 0.11, 0.12, 0.17, 0.14, 0.12, 0.14, 0.18, 0.12, 0.12, 0.15, 0.12, 0.11, 0.14, 0.15, 0.14, 0.15, 0.13, 0.16, 0.12, 0.16, 0.14, 0.12, 0.13, 
4.40 194 232 0.15, 0.14, 0.13, 0.16, 0.14, 0.12, 0.10, 0.12, 0.14, 0.12, 0.11, 0.18, 0.11, 0.16, 0.17, 0.18, 0.12, 0.14, 0.14, 0.10, 0.15, 0.13, 0.18, 0.10, 0.15, 0.12, 0.18, 0.15, 0.14, 0.15, 0.15, 0.10, 0.14, 0.16, 0.13, 0.12, 0.14, 0.12, 0.12, 0.14, 
4.41 188 225 0.17, 0.12, 0.20, 0.14, 0.14, 0.15, 0.16, 0.15, 0.11, 0.19, 0.14, 0.14, 0.17, 0.14, 0.15, 0.16, 0.20, 0.15, 0.14, 0.19, 0.16, 0.17, 0.17, 0.13, 0.15, 0.14, 0.13, 0.16, 0.16, 0.16, 0.12, 0.16, 0.19, 0.14, 0.13, 0.13, 0.15, 0.12, 0.15, 0.14, 
4.42 203 243 0.12, 0.12, 0.15, 0.14, 0.12, 0.14, 0.15, 0.12, 0.12, 0.13, 0.14, 0.14, 0.11, 0.14, 0.16, 0.12, 0.21, 0.16, 0.14, 0.12, 0.13, 0.12, 0.17, 0.11, 0.18, 0.16, 0.13, 0.15, 0.15, 0.19, 0.11, 0.13, 0.20, 0.18, 0.15, 0.13, 0.22, 0.14, 0.14, 0.13, 
4.43 198 237 0.13, 0.20, 0.15, 0.16, 0.14, 0.16, 0.14, 0.13, 0.16, 0.12, 0.13, 0.13, 0.13, 0.11, 0.17, 0.14, 0.17, 0.16, 0.17, 0.13, 0.18, 0.19, 0.16, 0.16, 0.15, 0.11, 0.12, 0.14, 0.07, 0.15, 0.11, 0.14, 0.16, 0.14, 0.15, 0.11, 0.19, 0.18, 0.12, 0.17, 
4.44 192 230 0.17, 0.17, 0.16, 0.21, 0.13, 0.14, 0.15, 0.12, 0.14, 0.15, 0.15, 0.14, 0.15, 0.13, 0.17, 0.12, 0.16, 0.20, 0.18, 0.14, 0.15, 0.15, 0.17, 0.11, 0.12, 0.11, 0.10, 0.16, 0.12, 0.15, 0.13, 0.17, 0.17, 0.14, 0.15, 0.11, 0.14, 0.17, 0.16, 0.15, 
4.45 184 220 0.15, 0.12, 0.16, 0.15, 0.18, 0.19, 0.13, 0.13, 0.13, 0.16, 0.14, 0.18, 0.14, 0.15, 0.16, 0.13, 0.14, 0.12, 0.13, 0.19, 0.20, 0.18, 0.14, 0.13, 0.18, 0.15, 0.14, 0.12, 0.15, 0.18, 0.18, 0.18, 0.14, 0.14, 0.15, 0.15, 0.10, 0.10, 0.12, 0.19, 
4.46 193 231 0.12, 0.19, 0.13, 0.12, 0.18, 0.16, 0.20, 0.16, 0.10, 0.14, 0.18, 0.15, 0.13, 0.20, 0.12, 0.14, 0.17, 0.16, 0.13, 0.15, 0.14, 0.21, 0.12, 0.13, 0.18, 0.15, 0.14, 0.15, 0.16, 0.16, 0.17, 0.16, 0.14, 0.19, 0.17, 0.15, 0.15, 0.13, 0.18, 0.11, 
4.47 184 220 0.14, 0.14, 0.11, 0.12, 0.16, 0.15, 0.15, 0.11, 0.15, 0.17, 0.16, 0.15, 0.18, 0.14, 0.12, 0.12, 0.11, 0.16, 0.10, 0.12, 0.13, 0.14, 0.16, 0.15, 0.14, 0.13, 0.16, 0.19, 0.12, 0.12, 0.15, 0.15, 0.14, 0.11, 0.12, 0.15, 0.18, 0.14, 0.14, 0.15, 
4.48 194 232 0.16, 0.10, 0.13, 0.18, 0.14, 0.16, 0.17, 0.10, 0.12, 0.19, 0.20, 0.16, 0.17, 0.11, 0.15, 0.10, 0.13, 0.13, 0.18, 0.10, 0.15, 0.14, 0.17, 0.16, 0.14, 0.15, 0.22, 0.12, 0.12, 0.12, 0.14, 0.11, 0.18, 0.14, 0.12, 0.15, 0.15, 0.14, 0.13, 0.19, 
4.49 187 224 0.14, 0.12, 0.17, 0.24, 0.16, 0.10, 0.14, 0.15, 0.15, 0.12, 0.15, 0.18, 0.14, 0.16, 0.14, 0.17, 0.14, 0.14, 0.17, 0.12, 0.12, 0.16, 0.15, 0.10, 0.16, 0.13, 0.25, 0.12, 0.15, 0.17, 0.14, 0.12, 0.17, 0.15, 0.13, 0.18, 0.13, 0.12, 0.12, 0.13, 
4.50 196 235 0.18, 0.15, 0.17, 0.16, 0.12, 0.12, 0.19, 0.13, 0.19, 0.10, 0.17, 0.19, 0.18, 0.10, 0.15, 0.12, 0.14, 0.13, 0.13, 0.10, 0.16, 0.16, 0.13, 0.14, 0.16, 0.19, 0.16, 0.16, 0.15, 0.15, 0.14, 0.13, 0.16, 0.14, 0.14, 0.15, 0.15, 0.15, 0.11, 0.18, 
4.51 203 243 0.11, 0.12, 0.14, 0.16, 0.14, 0.10, 0.11, 0.15, 0.13, 0.15, 0.14, 0.17, 0.14, 0.11, 0.12, 0.13, 0.12, 0.16, 0.11, 0.13, 0.13, 0.19, 0.13, 0.17, 0.15, 0.16, 0.14, 0.23, 0.12, 0.11, 0.14, 0.11, 0.14, 0.11, 0.13, 0.12, 0.15, 0.22, 0.18, 0.19, 
4.52 190 228 0.14, 0.12, 0.12, 0.15, 0.10, 0.12, 0.11, 0.17, 0.15, 0.13, 0.19, 0.12, 0.17, 0.14, 0.16, 0.13, 0.13, 0.12, 0.11, 0.15, 0.11, 0.23, 0.17, 0.20, 0.16, 0.14, 0.13, 0.16, 0.17, 0.15, 0.16, 0.19, 0.15, 0.10, 0.15, 0.14, 0.15, 0.12, 0.11, 0.11, 
4.53 192 230 0.09, 0.14, 0.11, 0.11, 0.13, 0.15, 0.11, 0.18, 0.11, 0.12, 0.12, 0.11, 0.15, 0.13, 0.15, 0.14, 0.21, 0.14, 0.13, 0.11, 0.16, 0.22, 0.12, 0.14, 0.18, 0.20, 0.09, 0.15, 0.16, 0.15, 0.12, 0.15, 0.12, 0.13, 0.21, 0.14, 0.09, 0.16, 0.17, 0.11, 
4.54 195 234 0.16, 0.12, 0.19, 0.17, 0.14, 0.13, 0.18, 0.14, 0.13, 0.15, 0.13, 0.08, 0.17, 0.17, 0.17, 0.11, 0.12, 0.17, 0.15, 0.18, 0.18, 0.18, 0.14, 0.12, 0.09, 0.14, 0.15, 0.15, 0.17, 0.13, 0.17, 0.08, 0.17, 0.12, 0.17, 0.12, 0.12, 0.14, 0.14, 0.13, 
4.55 199 238 0.15, 0.12, 0.18, 0.19, 0.16, 0.18, 0.17, 0.12, 0.18, 0.14, 0.15, 0.20, 0.11, 0.17, 0.16, 0.09, 0.12, 0.14, 0.13, 0.11, 0.15, 0.18, 0.13, 0.12, 0.11, 0.15, 0.14, 0.14, 0.12, 0.13, 0.13, 0.15, 0.12, 0.12, 0.16, 0.09, 0.15, 0.13, 0.12, 0.15, 
4.56 194 232 0.13, 0.16, 0.15, 0.18, 0.17, 0.14, 0.17, 0.15, 0.12, 0.17, 0.13, 0.13, 0.14, 0.23, 0.14, 0.10, 0.13, 0.14, 0.16, 0.11, 0.18, 0.12, 0.10, 0.17, 0.11, 0.13, 0.18, 0.12, 0.13, 0.18, 0.09, 0.14, 0.15, 0.15, 0.12, 0.13, 0.14, 0.14, 0.14, 0.14, 
4.57 203 243 0.16, 0.17, 0.13, 0.14, 0.10, 0.15, 0.17, 0.17, 0.16, 0.15, 0.18, 0.16, 0.15, 0.13, 0.11, 0.14, 0.14, 0.16, 0.13, 0.12, 0.19, 0.13, 0.10, 0.13, 0.16, 0.16, 0.16, 0.16, 0.14, 0.11, 0.15, 0.14, 0.18, 0.14, 0.14, 0.13, 0.14, 0.10, 0.16, 0.15, 
4.58 194 232 0.20, 0.13, 0.15, 0.13, 0.13, 0.16, 0.16, 0.13, 0.13, 0.15, 0.21, 0.16, 0.13, 0.13, 0.15, 0.11, 0.16, 0.18, 0.16, 0.12, 0.12, 0.11, 0.15, 0.16, 0.16, 0.16, 0.19, 0.15, 0.11, 0.13, 0.10, 0.17, 0.17, 0.11, 0.16, 0.15, 0.21, 0.11, 0.19, 0.15, 
4.59 187 224 0.12, 0.10, 0.17, 0.16, 0.10, 0.17, 0.10, 0.14, 0.13, 0.15, 0.15, 0.12, 0.13, 0.16, 0.15, 0.12, 0.17, 0.13, 0.14, 0.14, 0.17, 0.15, 0.11, 0.12, 0.13, 0.18, 0.13, 0.11, 0.12, 0.17, 0.17, 0.16, 0.12, 0.23, 0.16, 0.14, 0.19, 0.10, 0.18, 0.15, 
4.60 189 226 0.09, 0.14, 0.13, 0.12, 0.12, 0.13, 0.15, 0.17, 0.13, 0.13, 0.15, 0.16, 0.11, 0.18, 0.15, 0.17, 0.17, 0.15, 0.15, 0.15, 0.16, 0.15, 0.11, 0.14, 0.20, 0.14, 0.14, 0.11, 0.17, 0.16, 0.18, 0.15, 0.11, 0.18, 0.17, 0.13, 0.19, 0.10, 0.14, 0.17, 
4.61 192 230 0.17, 0.12, 0.17, 0.10, 0.13, 0.12, 0.15, 0.23, 0.10, 0.15, 0.12, 0.19, 0.11, 0.14, 0.13, 0.24, 0.12, 0.18, 0.14, 0.13, 0.16, 0.14, 0.13, 0.14, 0.18, 0.14, 0.11, 0.14, 0.14, 0.15, 0.14, 0.16, 0.18, 0.16, 0.14, 0.12, 0.13, 0.15, 0.20, 0.14, 
4.62 189 226 0.11, 0.10, 0.13, 0.13, 0.15, 0.12, 0.15, 0.17, 0.12, 0.13, 0.12, 0.20, 0.13, 0.19, 0.14, 0.22, 0.14, 0.24, 0.15, 0.14, 0.10, 0.13, 0.13, 0.15, 0.12, 0.13, 0.11, 0.17, 0.13, 0.20, 0.14, 0.16, 0.17, 0.16, 0.14, 0.17, 0.16, 0.12, 0.13, 0.12, 
4.63 199 238 0.14, 0.15, 0.13, 0.11, 0.16, 0.16, 0.11, 0.17, 0.09, 0.13, 0.14, 0.19, 0.14, 0.17, 0.14, 0.18, 0.11, 0.11, 0.18, 0.13, 0.12, 0.13, 0.20, 0.13, 0.13, 0.18, 0.14, 0.11, 0.15, 0.18, 0.14, 0.13, 0.14, 0.13, 0.15, 0.13, 0.12, 0.10, 0.16, 0.18, 
4.64 196 235 0.11, 0.14, 0.15, 0.12, 0.13, 0.15, 0.16, 0.16, 0.20, 0.14, 0.15, 0.17, 0.16, 0.18, 0.13, 0.12, 0.14, 0.10, 0.22, 0.17, 0.16, 0.17, 0.14, 0.17, 0.17, 0.13, 0.12, 0.12, 0.18, 0.19, 0.14, 0.14, 0.18, 0.16, 0.17, 0.14, 0.13, 0.11, 0.13, 0.16, 
4.65 205 246 0.12, 0.12, 0.16, 0.12, 0.13, 0.17, 0.15, 0.18, 0.19, 0.14, 0.16, 0.13, 0.15, 0.14, 0.15, 0.16, 0.14, 0.12, 0.15, 0.11, 0.17, 0.12, 0.15, 0.16, 0.17, 0.12, 0.16, 0.11, 0.10, 0.19, 0.16, 0.11, 0.15, 0.15, 0.10, 0.19, 0.13, 0.17, 0.18, 0.18, 
4.66 193 231 0.12, 0.14, 0.10, 0.16, 0.13, 0.13, 0.14, 0.13, 0.16, 0.13, 0.15, 0.12, 0.15, 0.11, 0.13, 0.18, 0.13, 0.13, 0.12, 0.14, 0.15, 0.12, 0.17, 0.16, 0.15, 0.13, 0.14, 0.13, 0.15, 0.14, 0.14, 0.12, 0.11, 0.13, 0.17, 0.15, 0.11, 0.12, 0.16, 0.14, 
4.67 194 232 0.11, 0.15, 0.11, 0.16, 0.19, 0.10, 0.14, 0.15, 0.12, 0.13, 0.15, 0.11, 0.16, 0.14, 0.13, 0.14, 0.13, 0.11, 0.11, 0.12, 0.17, 0.19, 0.19, 0.16, 0.12, 0.20, 0.17, 0.11, 0.15, 0.14, 0.15, 0.18, 0.14, 0.13, 0.16, 0.11, 0.12, 0.16, 0.14, 0.11, 
4.68 193 231 0.15, 0.17, 0.09, 0.13, 0.18, 0.17, 0.14, 0.12, 0.15, 0.14, 0.13, 0.17, 0.18, 0.18, 0.17, 0.13, 0.18, 0.14, 0.16, 0.20, 0.16, 0.13, 0.12, 0.14, 0.13, 0.19, 0.15, 0.13, 0.17, 0.15, 0.17, 0.12, 0.17, 0.10, 0.17, 0.13, 0.15, 0.11, 0.14, 0.15, 
4.69 196 235 0.17, 0.17, 0.11, 0.17, 0.18, 0.19, 0.16, 0.14, 0.12, 0.12, 0.10, 0.11, 0.11, 0.14, 0.14, 0.14, 0.14, 0.14, 0.12, 0.11, 0.16, 0.16, 0.15, 0.16, 0.13, 0.15, 0.09, 0.17, 0.12, 0.13, 0.17, 0.17, 0.11, 0.13, 0.16, 0.14, 0.20, 0.14, 0.10, 0.20, 
4.70 189 226 0.12, 0.13, 0.15, 0.14, 0.17, 0.21, 0.14, 0.17, 0.13, 0.21, 0.15, 0.15, 0.12, 0.13, 0.16, 0.14, 0.15, 0.14, 0.12, 0.12, 0.16, 0.15, 0.17, 0.18, 0.19, 0.12, 0.12, 0.15, 0.15, 0.15, 0.18, 0.12, 0.17, 0.15, 0.18, 0.13, 0.15, 0.12, 0.15, 0.17, 
4.71 202 242 0.13, 0.09, 0.13, 0.16, 0.15, 0.14, 0.12, 0.14, 0.13, 0.16, 0.15, 0.13, 0.14, 0.16, 0.16, 0.18, 0.14, 0.11, 0.13, 0.10, 0.13, 0.13, 0.12, 0.19, 0.22, 0.17, 0.13, 0.22, 0.13, 0.15, 0.11, 0.13, 0.15, 0.16, 0.18, 0.14, 0.13, 0.16, 0.13, 0.23, 
4.72 201 241 0.10, 0.12, 0.11, 0.13, 0.17, 0.14, 0.24, 0.14, 0.17, 0.15, 0.20, 0.13, 0.16, 0.12, 0.18, 0.15, 0.13, 0.10, 0.12, 0.14, 0.16, 0.15, 0.10, 0.16, 0.12, 0.14, 0.15, 0.17, 0.14, 0.15, 0.12, 0.16, 0.13, 0.12, 0.13, 0.12, 0.13, 0.13, 0.14, 0.21, 
4.73 187 224 0.14, 0.15, 0.16, 0.18, 0.14, 0.18, 0.18, 0.17, 0.11, 0.14, 0.12, 0.17, 0.14, 0.12, 0.15, 0.11, 0.15, 0.13, 0.11, 0.14, 0.15, 0.20, 0.15, 0.16, 0.12, 0.17, 0.16, 0.15, 0.16, 0.16, 0.13, 0.12, 0.11, 0.17, 0.12, 0.15, 0.12, 0.15, 0.13, 0.16, 
4.74 203 243 0.21, 0.11, 0.14, 0.13, 0.17, 0.20, 0.11, 0.10, 0.14, 0.19, 0.13, 0.14, 0.15, 0.15, 0.13, 0.15, 0.14, 0.16, 0.14, 0.15, 0.20, 0.11, 0.12, 0.13, 0.12, 0.17, 0.14, 0.14, 0.21, 0.11, 0.17, 0.16, 0.14, 0.17, 0.16, 0.15, 0.13, 0.12, 0.15, 0.14, 
4.75 180 216 0.20, 0.12, 0.18, 0.11, 0.18, 0.16, 0.13, 0.12, 0.14, 0.21, 0.13, 0.15, 0.16, 0.12, 0.15, 0.13, 0.16, 0.18, 0.20, 0.19, 0.10, 0.14, 0.15, 0.09, 0.14, 0.21, 0.15, 0.21, 0.15, 0.11, 0.17, 0.16, 0.10, 0.17, 0.09, 0.14, 0.15, 0.13, 0.13, 0.15, 
4.76 190 228 0.17, 0.12, 0.13, 0.16, 0.15, 0.16, 0.16, 0.14, 0.14, 0.14, 0.13, 0.12, 0.16, 0.11, 0.12, 0.14, 0.12, 0.20, 0.16, 0.17, 0.18, 0.15, 0.15, 0.20, 0.15, 0.16, 0.16, 0.14, 0.13, 0.14, 0.20, 0.16, 0.16, 0.10, 0.11, 0.16, 0.12, 0.20, 0.14, 0.18, 
4.77 188 225 0.16, 0.12, 0.14, 0.14, 0.11, 0.16, 0.13, 0.13, 0.11, 0.12, 0.15, 0.14, 0.16, 0.16, 0.10, 0.12, 0.19, 0.15, 0.16, 0.14, 0.15, 0.15, 0.11, 0.16, 0.12, 0.13, 0.12, 0.12, 0.16, 0.15, 0.13, 0.14, 0.18, 0.14, 0.14, 0.21, 0.18, 0.12, 0.12, 0.13, 
4.78 195 234 0.14, 0.17, 0.16, 0.12, 0.14, 0.18, 0.12, 0.13, 0.16, 0.16, 0.14, 0.17, 0.18, 0.16, 0.11, 0.16, 0.22, 0.19, 0.15, 0.21, 0.10, 0.15, 0.15, 0.13, 0.14, 0.16, 0.16, 0.14, 0.18, 0.15, 0.17, 0.17, 0.17, 0.12, 0.16, 0.13, 0.11, 0.17, 0.13, 0.15, 
4.79 197 236 0.12, 0.15, 0.15, 0.12, 0.13, 0.09, 0.16, 0.16, 0.11, 0.12, 0.09, 0.15, 0.12, 0.12, 0.11, 0.13, 0.17, 0.18, 0.18, 0.16, 0.11, 0.11, 0.14, 0.09, 0.14, 0.17, 0.13, 0.13, 0.14, 0.17, 0.14, 0.20, 0.12, 0.12, 0.23, 0.13, 0.11, 0.12, 0.14, 0.12, 
4.80 196 235 0.12, 0.15, 0.18, 0.19, 0.21, 0.16, 0.14, 0.10, 0.16, 0.13, 0.12, 0.15, 0.19, 0.13, 0.14, 0.20, 0.14, 0.19, 0.20, 0.14, 0.14, 0.12, 0.12, 0.13, 0.13, 0.13, 0.15, 0.14, 0.14, 0.12, 0.10, 0.17, 0.13, 0.16, 0.15, 0.13, 0.18, 0.13, 0.16, 0.15, 
4.81 193 231 0.12, 0.16, 0.15, 0.20, 0.13, 0.17, 0.15, 0.15, 0.13, 0.14, 0.13, 0.15, 0.13, 0.15, 0.16, 0.12, 0.16, 0.12, 0.18, 0.15, 0.13, 0.15, 0.25, 0.11, 0.14, 0.11, 0.11, 0.17, 0.17, 0.15, 0.11, 0.22, 0.15, 0.11, 0.15, 0.12, 0.19, 0.10, 0.16, 0.15, 
4.82 204 244 0.13, 0.14, 0.16, 0.16, 0.14, 0.13, 0.13, 0.18, 0.11, 0.18, 0.15, 0.19, 0.18, 0.15, 0.12, 0.13, 0.14, 0.10, 0.13, 0.18, 0.12, 0.20, 0.22, 0.12, 0.14, 0.12, 0.13, 0.18, 0.16, 0.13, 0.13, 0.11, 0.12, 0.13, 0.12, 0.14, 0.18, 0.17, 0.14, 0.14, 
4.83 188 225 0.14, 0.16, 0.13, 0.11, 0.13, 0.18, 0.16, 0.15, 0.12, 0.15, 0.17, 0.14, 0.12, 0.15, 0.12, 0.18, 0.18, 0.16, 0.15, 0.18, 0.17, 0.17, 0.12, 0.11, 0.14, 0.15, 0.14, 0.13, 0.12, 0.13, 0.12, 0.14, 0.12, 0.16, 0.15, 0.13, 0.15, 0.18, 0.12, 0.14, 
4.84 183 219 0.11, 0.19, 0.18, 0.19, 0.13, 0.13, 0.16, 0.12, 0.15, 0.12, 0.14, 0.16, 0.12, 0.15, 0.13, 0.17, 0.12, 0.15, 0.19, 0.19, 0.17, 0.21, 0.17, 0.11, 0.16, 0.14, 0.15, 0.21, 0.15, 0.15, 0.12, 0.13, 0.11, 0.15, 0.13, 0.13, 0.18, 0.15, 0.12, 0.12, 
4.85 196 235 0.10, 0.09, 0.13, 0.18, 0.12, 0.13, 0.17, 0.14, 0.12, 0.13, 0.14, 0.11, 0.17, 0.22, 0.11, 0.10, 0.16, 0.19, 0.24, 0.19, 0.14, 0.13, 0.11, 0.18, 0.11, 0.16, 0.15, 0.17, 0.14, 0.13, 0.14, 0.15, 0.10, 0.13, 0.16, 0.18, 0.15, 0.17, 0.12, 0.14, 
4.86 192 230 0.13, 0.07, 0.18, 0.15, 0.12, 0.16, 0.16, 0.10, 0.16, 0.13, 0.13, 0.12, 0.19, 0.16, 0.15, 0.12, 0.11, 0.19, 0.16, 0.11, 0.12, 0.18, 0.18, 0.14, 0.11, 0.20, 0.19, 0.15, 0.17, 0.14, 0.15, 0.09, 0.14, 0.16, 0.11, 0.14, 0.12, 0.22, 0.11, 0.15, 
4.87 209 250 0.09, 0.15, 0.10, 0.11, 0.12, 0.12, 0.15, 0.12, 0.16, 0.12, 0.12, 0.13, 0.22, 0.16, 0.13, 0.12, 0.15, 0.13, 0.10, 0.10, 0.12, 0.14, 0.15, 0.15, 0.12, 0.16, 0.16, 0.15, 0.13, 0.14, 0.14, 0.12, 0.16, 0.12, 0.16, 0.17, 0.14, 0.18, 0.15, 0.11, 
4.88 184 220 0.12, 0.11, 0.14, 0.15, 0.17, 0.11, 0.19, 0.16, 0.16, 0.15, 0.19, 0.13, 0.15, 0.20, 0.14, 0.15, 0.15, 0.11, 0.10, 0.14, 0.17, 0.12, 0.15, 0.12, 0.20, 0.12, 0.13, 0.12, 0.12, 0.19, 0.11, 0.12, 0.14, 0.18, 0.19, 0.15, 0.14, 0.11, 0.12, 0.10, 
4.89 198 237 0.15, 0.13, 0.16, 0.12, 0.19, 0.14, 0.17, 0.14, 0.14, 0.14, 0.14, 0.14, 0.14, 0.14, 0.14, 0.15, 0.15, 0.14, 0.14, 0.14, 0.12, 0.12, 0.14, 0.13, 0.10, 0.12, 0.14, 0.16, 0.16, 0.20, 0.09, 0.15, 0.16, 0.16, 0.12, 0.14, 0.11, 0.10, 0.14, 0.15, 
4.90 196 235 0.12, 0.12, 0.14, 0.14, 0.14, 0.15, 0.11, 0.18, 0.13, 0.15, 0.17, 0.15, 0.14, 0.16, 0.13, 0.12, 0.21, 0.16, 0.16, 0.12, 0.16, 0.10, 0.13, 0.09, 0.12, 0.17, 0.13, 0.14, 0.18, 0.16, 0.18, 0.13, 0.14, 0.15, 0.16, 0.15, 0.16, 0.13, 0.16, 0.15, 
4.91 188 225 0.13, 0.12, 0.13, 0.15, 0.12, 0.13, 0.16, 0.17, 0.14, 0.15, 0.16, 0.14, 0.13, 0.17, 0.11, 0.14, 0.17, 0.14, 0.17, 0.17, 0.16, 0.16, 0.15, 0.12, 0.14, 0.17, 0.16, 0.18, 0.19, 0.16, 0.16, 0.12, 0.13, 0.15, 0.11, 0.17, 0.15, 0.17, 0.18, 0.09, 
4.92 182 218 0.10, 0.16, 0.13, 0.18, 0.15, 0.19, 0.13, 0.18, 0.15, 0.11, 0.09, 0.14, 0.12, 0.17, 0.10, 0.17, 0.16, 0.15, 0.17, 0.16, 0.12, 0.16, 0.15, 0.21, 0.12, 0.16, 0.19, 0.13, 0.16, 0.13, 0.16, 0.15, 0.18, 0.17, 0.14, 0.15, 0.12, 0.15, 0.15, 0.13, 
4.93 185 222 0.14, 0.18, 0.15, 0.11, 0.21, 0.18, 0.15, 0.15, 0.15, 0.12, 0.13, 0.18, 0.18, 0.11, 0.12, 0.14, 0.13, 0.19, 0.12, 0.15, 0.12, 0.17, 0.15, 0.12, 0.08, 0.13, 0.15, 0.15, 0.13, 0.12, 0.16, 0.12, 0.24, 0.13, 0.16, 0.18, 0.12, 0.11, 0.13, 0.15, 
4.94 194 232 0.12, 0.20, 0.13, 0.13, 0.17, 0.16, 0.17, 0.17, 0.15, 0.22, 0.10, 0.15, 0.15, 0.16, 0.14, 0.14, 0.14, 0.19, 0.13, 0.14, 0.10, 0.16, 0.16, 0.12, 0.10, 0.18, 0.16, 0.12, 0.11, 0.10, 0.13, 0.12, 0.15, 0.15, 0.14, 0.13, 0.15, 0.13, 0.18, 0.10, 
4.95 191 229 0.14, 0.20, 0.15, 0.13, 0.16, 0.20, 0.14, 0.15, 0.16, 0.11, 0.12, 0.11, 0.12, 0.15, 0.17, 0.14, 0.17, 0.14, 0.14, 0.21, 0.12, 0.17, 0.15, 0.15, 0.13, 0.18, 0.15, 0.14, 0.13, 0.17, 0.17, 0.12, 0.13, 0.14, 0.16, 0.13, 0.14, 0.15, 0.15, 0.13, 
4.96 209 250 0.11, 0.12, 0.13, 0.13, 0.12, 0.14, 0.16, 0.15, 0.12, 0.13, 0.12, 0.14, 0.12, 0.11, 0.11, 0.13, 0.16, 0.16, 0.15, 0.16, 0.13, 0.14, 0.14, 0.20, 0.16, 0.21, 0.14, 0.16, 0.16, 0.14, 0.13, 0.14, 0.17, 0.18, 0.17, 0.13, 0.10, 0.15, 0.13, 0.13, 
4.97 199 238 0.10, 0.11, 0.16, 0.12, 0.16, 0.14, 0.13, 0.15, 0.14, 0.17, 0.13, 0.13, 0.14, 0.15, 0.19, 0.09, 0.09, 0.16, 0.12, 0.20, 0.11, 0.14, 0.10, 0.22, 0.21, 0.19, 0.14, 0.18, 0.18, 0.18, 0.14, 0.16, 0.16, 0.23, 0.15, 0.15, 0.15, 0.14, 0.12, 0.14, 
4.98 188 225 0.10, 0.18, 0.12, 0.11, 0.14, 0.14, 0.16, 0.13, 0.11, 0.13, 0.16, 0.19, 0.13, 0.16, 0.13, 0.13, 0.13, 0.18, 0.17, 0.18, 0.17, 0.10, 0.13, 0.19, 0.13, 0.19, 0.12, 0.16, 0.15, 0.14, 0.11, 0.15, 0.13, 0.12, 0.19, 0.17, 0.11, 0.14, 0.14, 0.17, 
4.99 193 231 0.09, 0.15, 0.12, 0.15, 0.15, 0.15, 0.13, 0.13, 0.14, 0.13, 0.13, 0.14, 0.13, 0.10, 0.13, 0.16, 0.17, 0.16, 0.16, 0.15, 0.19, 0.14, 0.20, 0.15, 0.17, 0.19, 0.13, 0.14, 0.16, 0.11, 0.14, 0.11, 0.16, 0.13, 0.18, 0.19, 0.10, 0.14, 0.17, 0.15, 
5.00 201 241 0.17, 0.16, 0.15, 0.12, 0.11, 0.16, 0.11, 0.10, 0.14, 0.12, 0.18, 0.11, 0.13, 0.13, 0.18, 0.14, 0.16, 0.11, 0.09, 0.18, 0.17, 0.18, 0.20, 0.13, 0.12, 0.15, 0.12, 0.13, 0.11, 0.13, 0.13, 0.14, 0.14, 0.13, 0.15, 0.12, 0.13, 0.15, 0.14, 0.12, 
